1.1801    1500
3.54281    4500
4.72418    7500
5.90553    10500
7.08685    13500
7.08691    15000
7.28745    18000
8.26822    21000
8.26881    22500
8.4688    27000
9.44957    30000
9.4496    31500
9.45079    13500
10.6315    13500
11.0315    13666
11.8129    14152
12.2129    14467
12.9943    14927
13.3942    15226
14.1762    15663
14.5756    16089
15.3575    16503
15.7569    16774
16.5388    17173
16.9383    17563
17.7202    17944
17.7209    18193
18.901    18560
18.9016    18801
19.301    19156
20.0829    19505
20.0836    19734
21.2637    20073
21.2649    20296
21.6637    20625
22.4456    20949
22.4463    21268
23.445    21582
23.627    21789
23.8282    9000
24.809    9250
25.9904    9961
27.171    10406
27.5716    10833
28.5531    11443
29.5344    12022
30.1343    12393
30.9158    12928
31.8965    13442
32.2971    13774
33.0785    14414
33.8784    14876
34.2598    15176
35.2598    15759
35.6412    16182
36.2411    16594
36.6226    16996
37.4225    17389
37.8039    17646
38.4038    18024
38.9846    18271
39.3852    18637
39.7852    18995
40.5665    19347
40.9665    19578
41.3473    19919
41.9478    20254
42.1479    20475
42.5293    20801
43.1298    21016
43.71    21334
44.1106    21647
44.5106    21853
44.8914    22159
45.4919    22461
45.692    22660
46.0734    22955
46.6739    23247
46.8733    23534
47.2547    23818
47.6552    24006
48.0547    24285
48.4355    24469
48.8366    24742
49.0372    24922
49.6168    25190
50.0179    25368
50.2185    25632
50.418    25893
50.7994    26065
51.3994    26322
51.5988    10500
52.5807    10500
53.1621    11129
54.3435    11915
55.1428    12288
55.7254    13003
56.7062    13346
57.1068    13844
58.0875    14324
58.6869    14789
59.2689    15091
59.8683    15387
60.4502    15820
61.0496    16241
61.6316    16652
62.231    17053
62.6135    17314
63.4123    17699
63.7949    18077
63.9955    18324
64.9756    18567
65.1757    18927
65.775    19163
66.1576    19396
66.3582    19741
67.3383    19967
67.5384    20302
68.1377    20631
68.5203    20848
68.7197    21062
69.3191    21379
69.7022    21692
69.9022    21898
70.8824    22304
70.8836    22504
71.2836    22801
72.0637    23094
72.0655    23288
72.6649    23575
73.245    23859
73.2469    24046
73.4462    24232
74.4264    24508
74.4282    24781
74.6276    24961
75.6077    25229
75.6096    25494
75.8079    25669
76.4078    25930
76.7904    26188
76.791    26358
77.5891    26612
77.9717    26864
77.9723    26947
78.1717    11250
79.1537    11250
80.3344    12029
80.9344    12581
81.5164    13108
82.6971    13615
82.6978    13943
83.8785    14576
84.8773    15033
85.0598    15330
86.0587    15907
86.2418    16188
87.24    16599
87.4231    16868
87.4243    17133
88.6045    17523
88.6057    17778
89.7852    18153
89.7865    18399
90.7841    18762
90.9671    19000
91.569    19351
92.1479    19582
92.1497    19923
93.1468    20258
93.3305    8250
94.5112    8250
95.6925    9290
96.2938    9998
97.4751    10658
98.6559    11279
99.2366    11866
99.8379    12241
