2.206    22500.0
4.769    45000.0
5.95    58500.0
7.132    76500.0
8.314    126000.0
9.495    165750.0
10.691    176817.0
11.926    216031.0
13.147    139182.0
13.586    145235.0
14.369    150443.0
14.715    155899.0
15.396    160607.0
15.95    167521.0
16.592    173272.0
17.052    179046.0
17.645    183279.0
18.286    191058.0
18.826    195446.0
19.441    202410.0
20.007    207011.0
20.649    213320.0
21.319    218711.0
21.843    215374.0
22.588    220915.0
23.024    226370.0
23.769    232112.0
24.232    237369.0
24.951    243298.0
25.427    248594.0
26.095    254075.0
27.29    252992.0
27.723    244560.0
28.458    239270.0
29.69    240247.0
30.166    245771.0
30.847    248348.0
31.334    254673.0
32.015    259760.0
32.502    250948.0
33.209    243033.0
33.71    237399.0
34.378    242145.0
34.945    247835.0
35.585    253233.0
36.086    258909.0
36.78    251833.0
37.453    242040.0
38.017    247646.0
38.807    254743.0
39.367    260235.0
39.987    266099.0
40.575    271758.0
41.118    277164.0
41.743    282484.0
42.3    268936.0
42.925    274676.0
43.468    279984.0
44.08    267302.0
44.675    272050.0
45.275    266135.0
45.883    256038.0
46.34    260331.0
47.077    266960.0
47.599    272587.0
48.298    278777.0
48.926    269758.0
49.428    273607.0
50.107    267589.0
50.609    271589.0
51.262    279137.0
51.698    282149.0
52.184    286716.0
52.748    292738.0
53.352    297937.0
53.691    302431.0
54.114    305972.0
54.52    309350.0
54.832    313029.0
55.255    304824.0
55.69    308837.0
56.305    314537.0
56.935    319930.0
57.446    303347.0
58.092    283880.0
58.642    289416.0
59.311    294669.0
59.996    301705.0
60.465    305868.0
61.217    302563.0
61.804    307522.0
62.479    302462.0
62.932    306242.0
63.553    271313.0
64.076    262820.0
64.762    268240.0
65.206    273748.0
65.783    262894.0
66.298    254890.0
66.661    258233.0
67.149    261817.0
67.673    254749.0
68.317    260268.0
68.787    245748.0
69.131    249534.0
69.734    254019.0
70.168    257874.0
70.774    240886.0
71.401    245220.0
71.918    233873.0
72.397    237931.0
73.019    229264.0
73.373    232489.0
73.711    235796.0
74.147    239768.0
74.555    243677.0
74.919    247321.0
75.395    241886.0
75.775    245731.0
76.166    249869.0
76.718    254764.0
77.178    259651.0
77.901    265638.0
78.383    270358.0
79.069    277078.0
79.604    281489.0
80.263    268482.0
80.747    272915.0
81.289    277432.0
81.902    283448.0
82.459    259522.0
83.07    264631.0
83.717    256284.0
84.2    246643.0
84.713    251301.0
85.395    257571.0
85.856    261725.0
86.602    268676.0
87.223    258382.0
87.809    263893.0
88.496    254715.0
88.952    259497.0
89.613    265538.0
90.055    269870.0
90.607    274626.0
91.224    280695.0
91.803    271913.0
92.433    256514.0
93.062    261183.0
93.692    267644.0
94.257    272941.0
94.873    279137.0
95.294    269022.0
95.989    258852.0
96.423    263098.0
97.13    270004.0
97.552    262584.0
97.92    265352.0
98.538    271451.0
99.193    277982.0
99.758    283981.0
100.272    288859.0
100.65    292890.0
101.228    296834.0
101.832    280118.0
102.397    283705.0
103.013    290630.0
103.276    293424.0
