1.18    22500.0
2.362    45000.0
3.543    55500.0
4.725    84000.0
5.907    126000.0
7.089    144000.0
8.31    103450.0
10.727    126884.0
13.09    127999.0
14.472    132830.0
15.274    139073.0
15.813    145680.0
16.598    152078.0
17.179    147687.0
17.883    153664.0
18.703    152490.0
19.264    158419.0
19.819    162903.0
20.274    168404.0
20.963    174842.0
21.391    179112.0
21.907    184805.0
22.417    188944.0
23.022    194799.0
23.573    199497.0
24.19    205296.0
24.65    209707.0
24.975    213238.0
25.425    217393.0
25.833    220723.0
26.249    224533.0
26.685    228762.0
27.339    235162.0
27.893    240340.0
28.469    246152.0
28.943    239103.0
29.351    242564.0
29.885    246901.0
30.518    229237.0
31.105    213579.0
31.894    216289.0
32.54    212269.0
33.142    216852.0
33.895    199786.0
34.401    204270.0
35.103    210838.0
35.636    215876.0
36.323    222017.0
36.819    227063.0
37.53    220656.0
38.001    224764.0
38.687    231407.0
39.143    223341.0
39.76    219111.0
40.338    225169.0
40.903    230411.0
41.559    225598.0
42.136    230632.0
42.966    238522.0
43.49    243117.0
44.095    249202.0
44.646    254526.0
45.304    260323.0
45.802    265383.0
46.485    271346.0
46.996    276142.0
47.652    281984.0
48.178    287386.0
48.86    266461.0
49.371    260829.0
49.857    264453.0
50.696    272813.0
51.13    275948.0
51.917    266711.0
53.216    278775.0
53.626    265197.0
54.267    269739.0
54.755    275563.0
55.437    282045.0
55.963    267780.0
56.578    273698.0
57.159    278605.0
57.8    285265.0
58.353    290275.0
58.932    296173.0
59.534    301689.0
60.151    307927.0
60.703    312693.0
61.512    305670.0
61.947    309245.0
62.735    285868.0
63.115    289299.0
63.956    281379.0
64.297    284847.0
65.112    292610.0
65.452    270566.0
66.319    277435.0
66.596    280413.0
67.068    284659.0
67.686    290412.0
68.487    264835.0
68.997    269913.0
69.615    275101.0
70.129    280423.0
70.981    288285.0
71.402    276744.0
72.371    284944.0
73.159    292560.0
74.525    305642.0
74.853    309901.0
75.337    313287.0
75.89    318363.0
76.479    312463.0
77.085    318042.0
77.426    321553.0
77.899    308157.0
78.45    302109.0
79.316    260264.0
79.827    265289.0
80.668    260907.0
81.219    266252.0
81.851    255645.0
82.387    260269.0
83.111    267891.0
83.872    263376.0
84.513    268933.0
84.989    274209.0
85.709    280430.0
86.327    286695.0
87.114    275417.0
87.52    279631.0
88.387    287050.0
88.875    291685.0
89.518    297810.0
89.951    301725.0
90.634    308091.0
91.052    311734.0
91.603    316602.0
92.248    285587.0
93.085    292557.0
93.65    297767.0
94.255    303793.0
94.791    308773.0
95.464    315011.0
95.949    309281.0
96.327    312748.0
96.801    317624.0
97.368    322668.0
97.97    328351.0
98.576    333861.0
99.296    300380.0
99.757    304192.0
100.478    311230.0
100.951    315619.0
101.672    322029.0
102.092    326639.0
102.749    332498.0
103.196    322041.0
103.656    326700.0
